147
148
149
230
329
330
334
371
372
373
380
381
384
443
444
445
483
484
487
610
611
612
621
633
634
635
643
644
646
691
696
697
704
705
706
714
715
718
776
780
782
783
784
799
804
840
841
842
880
882
884
885
886
887
890
895
967
978
996
997
998
1005
1007
1008
1009
1011
1018
1019
1020
1021
10007
10022
10023
10034
10045
10058
10062
10063
10065
10067
10079
10089
10114
10118
10119
10120
10146
10157
10181
10190
10216
10217
10225
10241
10242
10245
10246
10258
10259
10264
10265
10266
10267
10268
10269
10270
10271
