25
26
81
82
100
101
125
135
145
170
171
172
179
180
181
239
243
309
310
311
312
403
404
405
417
462
466
479
522
523
587
595
596
602
603
604
618
642
644
694
695
702
737
738
777
785
796
807
835
836
848
849
871
877
880
881
894
921
922
923
938
939
940
941
989
992
995
1008
1021
10008
10009
10010
10011
10012
10020
10045
10055
10080
10081
10082
10083
10084
10085
10094
10095
10096
10097
10098
10099
10100
10109
10110
10111
10122
10123
10148
10154
10158
10160
10184
10187
10199
10219
10228
10231
10232
10268
10269
10270
10271
