1
2
3
43
44
45
46
47
69
70
71
102
103
114
152
153
154
182
187
188
189
191
192
251
252
253
254
270
271
272
273
274
275
285
286
315
331
332
345
346
357
387
388
389
406
407
413
420
421
455
459
460
465
470
492
495
496
497
511
512
540
541
542
546
547
548
549
556
585
586
590
591
597
598
640
650
651
652
672
673
708
709
710
711
722
723
724
753
754
755
756
761
762
763
781
787
798
810
811
812
829
830
840
841
842
893
898
906
907
908
928
929
930
946
947
948
949
951
952
986
1001
1010
1011
1012
1013
1017
1019
10006
10012
10027
10028
10029
10030
10031
10032
10033
10060
10065
10114
10128
10192
10195
10209
10216
10217
10231
10232
10237
10244
10273
10274
10275
