63
64
65
79
80
96
97
102
103
121
122
124
150
151
177
178
196
199
201
202
203
238
249
251
280
281
282
307
308
325
326
337
338
343
344
358
360
374
375
376
380
381
385
386
433
436
437
439
475
480
481
482
488
494
517
518
527
528
561
574
575
576
577
578
579
605
606
648
655
677
678
686
687
720
765
779
786
789
790
791
792
800
825
826
856
857
858
866
876
898
899
936
954
955
956
976
981
985
1010
1015
1022
1023
10001
10002
10003
10017
10025
10037
10043
10044
10051
10054
10062
10063
10068
10071
10076
10086
10100
10124
10155
10156
10157
10162
10163
10164
10165
10168
10169
10172
10186
10193
10194
10213
10221
10240
